#
# $Id: frequenze.data 68 2014-02-18 23:49:56Z nicb $
#
1|1|65.433|0|0
1|2|2804.916|-0.1|+0.2
1|3|2887.156|-0.3|+0.4
1|4|67.352|-0.07|+0.08
1|5|3240.946|-0.5|+0.6
1|6|69.327|-0.05|+0.06
1|7|71.359|-0.03|+0.04
1|8|73.452|-0.01|+0.02
1|9|3148.629|-0.7|+0.8
1|10|3058.940|-0.9|+1
1|11|80.104|-0.09|+0.1
1|12|75.605|-0.07|+0.08
1|13|77.822|-0.05|+0.06
#
2|1|82.452|-0.01|+0.02
2|2|84.870|-0.03|+0.04
2|3|2971.807|-0.1|+0.2
2|4|80.104|-0.05|+0.06
2|5|2725.018|-0.3|+0.4
2|6|2647.397|-0.5|+0.6
2|7|2358.400|-0.7|+0.8
2|8|77.822|-0.07|+0.08
2|9|75.605|-0.09|+0.1
2|10|2427.548|-0.9|+1
2|11|2498.723|-0.1|+0.2
2|12|2571.986|-0.3|+0.4
2|13|73.452|-0.01|+0.02
#
3|1|92.556|-0.01|+0.02
3|2|95.270|-0.01|+0.02
3|3|1387.773|-0.1|+0.2
3|4|73.452|-0.01|+0.02
3|5|98.063|-0.01|+0.02
3|6|1348.243|-0.1|+0.2
3|7|120.049|-0.01|+0.02
3|8|116.630|-0.01|+0.02
3|9|1309.839|-0.1|+0.2
3|10|100.938|-0.01|+0.02
3|11|396.542|-0.01|+0.02
3|12|385.246|-0.01|+0.02
3|13|103.898|-0.01|+0.02
#
4|1|2804.916|-0.09|-0.07
4|2|1272.528|-0.9|-0.5
4|3|374.273|-0.9|-0.3
4|4|113.307|-0.9|-0.1
4|5|2887.156|-0.09|+0.02
4|6|1236.280|-0.7|+0.04
4|7|1166.854|-0.5|+0.05
4|8|110.080|-0.3|+0.8
4|9|89.920|-0.01|+0.1
4|10|3058.946|+0.02|+0.1
4|11|1201.065|+0.4|+0.7
4|12|3148.629|+0.06|+01
4|13|3240.946|+0.08|+0.1
#
5|1|408.168|-1|-0.9
5|2|257.059|-1|-0.7
5|3|396.542|-1|-0.5
5|4|204.000|-1|-0.3
5|5|228.998|-1|+0.2
5|6|235.712|-0.9|+0.4
5|7|209.981|-0.7|+0.6
5|8|249.737|-0.5|+0.7
5|9|216.137|-0.4|+0.8
5|10|222.475|+0.4|+0.8
5|11|242.623|+0.5|+0.8
5|12|264.596|+0.6|+0.8
5|13|374.273|+0.7|+0.8
#
6|1|981.101|-0.9|-0.7
6|2|953.155|-0.9|-0.5
6|3|1009.867|-0.9|-0.3
6|4|926.004|-0.9|-0.1
6|5|1039.476|-0.9|+0.3
6|6|899.627|-0.7|+0.4
6|7|1069.954|-0.5|+0.5
6|8|874.001|-0.3|+0.6
6|9|1101.325|-0.3|+0.7
6|10|849.106|+0.3|+0.7
6|11|1133.615|+0.4|+0.7
6|12|824.919|+0.5|+0.7
6|13|1166.853|+0.6|+0.7
#
7|1|204.000|-0.1|-0.9
7|2|305.728|-0.1|-0.7
7|3|209.981|-0.1|-0.5
7|4|408.168|-0.1|-0.3
7|5|363.612|-0.1|+0.2
7|6|353.254|-0.9|+0.4
7|7|396.542|-0.7|+0.6
7|8|333.416|-0.5|+0.8
7|9|385.246|-0.4|+0.8
7|10|374.273|+0.4|+0.8
7|11|343.192|+0.5|+0.8
7|12|314.692|+0.6|+0.8
7|13|222.475|+0.7|+0.8
#
8|1|542.864|-0.1|-|0.9
8|2|542.864|-0.1|-|0.7
8|3|542.864|-0.1|-|0.5
8|4|542.864|-0.1|-|0.3
8|5|542.864|-0.1|+0.01
8|6|542.864|-0.9|+0.04
8|7|542.864|-0.7|+0.06
8|8|542.864|-0.5|+0.08
8|9|542.864|-0.3|+0.7
8|10|542.864|+0.3|+0.7
8|11|542.864|+0.4|+0.7
8|12|542.864|+0.5|+0.7
8|13|542.864|+0.6|+0.7
#
9|1|408.168|-1||-0.9
9|2|693.600|-0.9|-0.5
9|3|396.542|-1||-0.5
9|4|734.868|-0.9|-1
9|5|353.254|-1||+0.2
9|6|824.919|-0.7|+0.04
9|7|385.246|-0.7|+0.6
9|8|801.421|-0.3|+0.06
9|9|305.728|-0.4|+0.8
9|10|756.415|+0.3|+0.7
9|11|343.192|+0.5|+0.8
9|12|1009.867|+0.5|+0.7
9|13|323.919|+0.7|+0.8
#
10|1|374.273|-1|-0.9
10|2|713.936|-0.9|-0.5
10|3|333.416|-1|-0.5
10|4|849.106|-0.9|-0.1
10|5|297.019|-1|-0.2
10|6|981.101|-0.7|+0.04
10|7|363.612|-0.7|+0.6
10|8|778.593|-0.3|+0.06
10|9|314.692|-0.4||+0.8
10|10|874.001|+0.3|+0.7
10|11|272.354|+0.5|+0.8
10|12|953.155|+0.5|+0.7
10|13|288.559|+0.7|+0.8
#
11|1|1309.839|-0.9|-0.7
11|2|1387.773|-0.9|-0.5
11|3|1272.528|-0.9|-0.3
11|4|2358.400|-0.09|-0.01
11|5|2427.548|-0.09|+0.02
11|6|1039.476|-0.7|+0.04
11|7|2647.397|-0.05|+0.06
11|8|2725.018|-0.03|+0.08
11|9|2571.986|-0.01|+0.1
11|10|1348.243|+0.3|+0.7
11|11|1069.954|+0.4|+0.7
11|12|2498.723|+0.06|+0.1
11|13|1201.065|+0.6|+0.7
#
12|1|894.627|-0.9|-0.7
12|2|1236.280|-0.9|-0.5
12|3|1101.325|-0.9|-0.3
12|4|926.004|-0.9|-0.1
12|5|1133.615|-0.9|+0.03
12|6|1166.853|-0.7|+0.04
12|7|3240.946|-0.05|+0.06
12|8|2804.916|-0.03|+0.08
12|9|3148.624|-0.01|+0.1
12|10|3058.940|+0.02|+0.1
12|11|2887.156|+0.04|+0.1
12|12|2971.807|+0.06|+0.1
12|13|280.339|+0.7|+0.8
#
13|1|235.712|-1|-0.9
13|2|204.000|-1|-0.7
13|3|264.596|-1|-0.5
13|4|228.998|-1|-0.3
13|5|209.981|-1|+0.2
13|6|242.623|-0.9|+0.4
13|7|249.737|-0.7|+0.6
13|8|120.049|-1|+1.5
13|9|257.059|-0.4|+0.8
13|10|216.137|+0.4|+0.8
13|11|222.475|+0.5|+0.8
13|12|113.307|+1|+2|
13|13|116.630|+1.5|+2|
#
14a|1|60.00|-0.1|+0.2
14a|2|61.75|-0.3|+0.4
14a|3|63.56|-0.5|+0.6
14a|4|65.43|-0.7|+0.8
14a|5|67.35|-0.9|+1
14a|6|69.32|-0.1|+0.2
14a|7|71.35|-0.3|+0.4
14a|8|73.45|-0.5|+0.6
14a|9|75.60|-0.7|+0.8
14a|10|77.82|-0.9|+1
14a|11|80.10|-0.1|+0.2
14a|12|82.45|-0.5|+0.6
14a|13|84.87|-0.9|+1
#
14b|1|4718.75|-0.01|+0.02
14b|2|4584.33|-0.03|+0.04
14b|3|4453.75|-0.05|+0.06
14b|4|4326.89|-0.07|+0.08
14b|5|4203.64|-0.09|+0.1
14b|6|4083.90|-0.01|+0.02
14b|7|3967.57|-0.03|+0.04
14b|8|3854.55|-0.05|+0.06
14b|9|3744.75|-0.07|+0.08
14b|10|3638.09|-0.09|+0.1
14b|11|3534.46|-0.01|+0.02
14b|12|3433.78|-0.05|+0.06
14b|13|3335.97|-0.09|+0.1
